;Auto-generated config file

[Layer1]
ATCHMETAL = 0
COLOR = 0
CONFORMAL = 1
DESCRIPTION = "Layer"
ER = 3.299999952316284
FILL = 0
MATERIAL = Dielectric
NAME = DIELECTRIC_1
PREPREG = 0
TG = 0.020000000000000
THC = -1
THICKNESS = 0.000000000000000
TYPE = DIELECTRIC
VISIBLE = 1


[Layer2]
COLOR = 0
DESCRIPTION = "Top"
DZ0 = 0
ER = 1.000000000000000
ETCHFACTOR = 0.741000000000000
FILL = 0
MATERIAL = Metal
NAME = SIGNAL_1
NARROWTOP = 1
PLATING = 0
RB = 1.724e-008
ROUGH_BOT = EDEPOSITED
ROUGH_TOP = EDEPOSITED
TC = 0.00393
TG = 0.020000000000000
THC = -1
THICKNESS = 0.000034290000000
TTW = 0.0001524
TYPE = SIGNAL
VISIBLE = 1


[Layer3]
ATCHMETAL = 0
COLOR = 0
CONFORMAL = 1
DESCRIPTION = "Layer"
ER = 4.300000190734863
FILL = 0
MATERIAL = Dielectric
NAME = DIELECTRIC_3
PREPREG = 0
TG = 0.020000000000000
THC = -1
THICKNESS = 0.000254000000000
TYPE = DIELECTRIC
VISIBLE = 1


[Layer4]
COLOR = 0
DESCRIPTION = "Bottom"
DZ0 = 0
ER = 1.000000000000000
ETCHFACTOR = 0.741000000000000
FILL = 0
MATERIAL = Metal
NAME = SIGNAL_2
NARROWTOP = 1
PLATING = 0
RB = 1.724e-008
ROUGH_BOT = EDEPOSITED
ROUGH_TOP = EDEPOSITED
TC = 0.00393
TG = 0.020000000000000
THC = -1
THICKNESS = 0.000034290000000
TTW = 0.0001524
TYPE = SIGNAL
VISIBLE = 1


[Layer5]
ATCHMETAL = 0
COLOR = 0
CONFORMAL = 1
DESCRIPTION = "Layer"
ER = 3.299999952316284
FILL = 0
MATERIAL = Dielectric
NAME = DIELECTRIC_5
PREPREG = 0
TG = 0.020000000000000
THC = -1
THICKNESS = 0.000000000000000
TYPE = DIELECTRIC
VISIBLE = 1


[LayersStackup]
Count = 5
Selected = 1


[Modes]
Content = true


[Passives]
BlackBox = 
Capacitor = C
FerriteBead = FB
Inductor = L
Resistor = R,RN,RP


[SupplyNets]
+12V = 12.000000
+3.3V = 3.300000
+5V = 5.000000
-12V = -12.000000
-5V = -5.000000
0.9V = 0.900000
AGND = 0.000000
GND = 0.000000
GROUND = 0.000000
VCC = 5.000000
VDD = 5.000000
VEE = -5.200000
VPullDn = 0.000000
VPullUp = 5.000000
VSS = 5.000000


[Trace]
Length = 3000
Width = 6.000000


